1.708315264172423653e+01
1.022281748660260803e+01
7.696694050228939155e+00
5.388667781503645671e+00
1.382491989623483697e+01
1.035286882672004616e+01
1.149564002673671048e+01
7.135575109486866907e+00
1.031195661652973072e+01
6.713577274671258088e+00
1.431011588030782633e+01
9.971974952329995645e+00
8.951900015929446397e+00
9.447644791426444755e+00
1.002268626518215022e+01
1.616211786542312723e+01
1.056500927950616386e+01
5.327807238130927381e+00
1.548672523853156235e+01
9.177763639586796529e+00
9.453854371898742670e+00
1.547465744013819489e+01
1.566521442085008609e+01
6.837292211603324787e+00
1.029633465311630047e+01
1.341751613273460642e+01
1.668447322563595492e+01
1.751322605327493420e+01
1.473170187191613323e+01
9.655812036460201142e+00
1.339020280991199030e+01
5.195980284965800777e+00
1.618459576013312784e+01
1.368341613477725005e+01
9.073190604475195542e+00
8.353965169116660761e+00
7.566143921029180319e+00
6.410918387422559483e+00
1.315118081601731248e+01
1.098929737886420810e+01
7.603382502287545641e+00
1.307247959626965716e+01
9.790416069646269648e+00
1.395481188926731875e+01
1.542342432805616070e+01
1.243050000683263079e+01
1.691732458464782951e+01
9.099931816891476899e+00
1.089739822299738492e+01
1.590349974466505678e+01
5.689379213488678033e+00
8.665495986918219984e+00
1.431004535300306735e+01
5.995770217634682986e+00
7.484168615157458682e+00
5.214026150075380173e+00
6.919992350734673892e+00
5.424890688186270182e+00
1.110604650564834195e+01
1.599592839152823309e+01
1.240784563411759756e+01
5.041889881062398437e+00
1.554739137892352652e+01
1.681855652105300791e+01
8.440862027653068367e+00
1.211080311830401790e+01
1.286202943075897664e+01
1.044682334354826381e+01
1.422220063312856730e+01
7.389721382590993315e+00
9.320711910396509481e+00
9.209412811257227105e+00
9.395093879070952170e+00
9.947055277568647824e+00
1.179975393729475641e+01
9.107612065365943366e+00
1.398286590748664970e+01
6.418609779835270146e+00
8.572473524354865759e+00
1.035974637617642458e+01
1.091970990285676280e+01
1.074309262927745223e+01
1.577968659591782874e+01
1.458036828633148829e+01
1.303411747444750901e+01
1.218646443399014423e+01
1.195228633040803778e+01
1.470509766191291945e+01
9.073184895689877294e+00
5.768575387747901573e+00
1.653214310188654679e+01
1.636698418800592236e+01
1.309906051264744420e+01
6.351728418974974311e+00
1.069364854516276964e+01
1.340608797279174169e+01
1.506901779110582851e+01
1.713226738630952894e+01
1.001819858895820659e+01
1.467527981314881025e+01
9.841767744755872016e+00
1.459929475308133817e+01
1.124087035972829085e+01
1.501939259256446491e+01
1.476353485965477397e+01
1.739203542001312996e+01
9.473616755683206492e+00
1.096115986886384164e+01
7.958201985044546234e+00
1.361002919860309746e+01
9.714689972758636216e+00
1.324429757553749276e+01
1.176519535860554733e+01
6.191501795957466747e+00
1.413921459437512596e+01
1.611680845879908475e+01
1.773034631314948939e+01
5.238111784312790675e+00
1.198835011167207654e+01
7.209714872564401134e+00
9.909496150757796329e+00
1.131543627750312631e+01
1.162557556933711567e+01
9.154512693895027198e+00
1.511153964645789571e+01
5.620224375918830617e+00
9.754226132081551981e+00
1.072056050914251202e+01
1.028757361672513326e+01
7.841610151276558582e+00
1.299576789709164970e+01
9.651246202740104252e+00
1.540525897449310300e+01
1.206496358065965424e+01
1.246906411887382404e+01
1.039044081806837738e+01
1.711979765623911476e+01
1.638994268006290866e+01
8.135392484551061898e+00
8.202539944563154606e+00
1.670863316808774712e+01
8.410735710003441667e+00
1.103574604635766576e+01
1.332789750150223185e+01
1.309503269553797011e+01
1.176075234773782086e+01
7.316853589612366093e+00
1.051722306570528787e+01
8.030509910407777951e+00
1.761329890083758798e+01
1.611967208291790854e+01
1.656572990579627813e+01
7.363349170087420958e+00
1.720478078826443635e+01
1.075942643697007384e+01
1.740333379431499594e+01
7.107277069023725247e+00
6.325663814210440883e+00
1.369909260708166521e+01
9.834651375470260248e+00
9.068326107372232769e+00
6.077693782984858295e+00
1.157514474584901265e+01
1.273797246593354515e+01
6.227710082272938763e+00
1.174123049148307985e+01
1.033753280770957161e+01
1.557886605009458414e+01
1.016735127959838181e+01
7.393151631146046121e+00
7.567222027488155867e+00
1.654224205244316437e+01
1.071045178218345839e+01
1.048579005788463725e+01
1.629291795583771574e+01
8.298166124007778421e+00
1.051584187651156910e+01
1.125935252996099223e+01
1.498033029279732631e+01
1.538281527542828542e+01
8.777877463508602318e+00
1.033709737630882763e+01
6.353556392136058939e+00
9.231924321663090183e+00
7.406194321383711809e+00
9.303995315268268840e+00
1.433976959001823381e+01
6.460246114194498901e+00
8.998097011019563496e+00
1.370920309575335949e+01
7.128319446148875471e+00
1.308241445112446577e+01
1.002082229850326556e+01
7.435273195804750657e+00
1.669111067013258776e+01
1.219885602091804699e+01
1.486006809437088449e+01
1.496568351303320554e+01
7.123717311272413255e+00
1.474782752167737598e+01
5.182745132177998038e+00
1.419403237132447515e+01
1.381108380428652715e+01
1.636668350392873350e+01
1.587000231416974927e+01
1.443344364608936914e+01
1.021205240343859266e+01
1.057754882356949189e+01
5.202148427551184007e+00
1.473794056992426249e+01
1.669271786727199114e+01
6.488999249761179478e+00
1.209867333712566762e+01
1.703269940132890525e+01
1.051216533518721796e+01
5.235595467993416463e+00
5.020466996785391878e+00
8.341753760680964191e+00
1.312060067026082777e+01
9.572321913611995470e+00
1.332562197882006494e+01
1.409048762525609533e+01
9.943635133556137262e+00
8.949468007160819027e+00
1.552362752596771678e+01
1.447439616610541258e+01
1.325256807827669014e+01
8.341251910937788949e+00
9.718012083638296161e+00
1.582565962235688595e+01
1.189669842525974808e+01
1.026471899048934411e+01
1.527850594617892988e+01
1.233158515502210584e+01
8.574676209783785197e+00
7.436715015758831093e+00
1.092382757115923297e+01
7.806095276083921064e+00
1.215686861000201091e+01
9.329484388261477079e+00
1.328439953436489773e+01
1.503612510050107609e+01
1.592304823295953575e+01
1.265737325666357194e+01
8.877626003947346689e+00
8.497434673929808113e+00
1.771096177357091150e+01
1.007871347809268237e+01
1.057097618643168957e+01
1.753705885814389021e+01
1.087322316633367691e+01
1.224348247802908318e+01
1.468794035184574476e+01
1.752283924996120135e+01
1.577034221376894507e+01
1.269509839669391837e+01
1.676561367403335367e+01
1.790017678515609845e+01
6.676660090714414686e+00
1.331229522670368937e+01
1.014948205467106845e+01
1.083154672295419374e+01
1.767752054454978250e+01
7.239219233960904276e+00
1.121215362911749125e+01
1.006402275448369998e+01
1.489199368065510498e+01
8.108067165442694346e+00
1.019559576133170076e+01
7.906030063042745581e+00
1.672698483917798740e+01
1.068049551113612949e+01
6.379557361912161717e+00
1.560111081894720542e+01
1.281993760069198274e+01
8.057628852180780399e+00
1.327814733330458274e+01
1.554046319044618762e+01
1.542439538912130814e+01
9.723641833855261041e+00
1.376378602774552640e+01
1.163931321348080061e+01
9.552694523314325892e+00
7.296734287447456779e+00
9.910258810134035201e+00
5.562630399677718884e+00
1.411613707697554077e+01
1.382401657442240506e+01
1.551865570915219017e+01
1.453118634499795547e+01
1.482686937731511989e+01
8.157605280129136105e+00
8.927485545374103992e+00
1.412890755806276921e+01
8.055675291069640309e+00
6.494485387135727095e+00
1.062397331892310959e+01
1.773346350772903079e+01
6.160785686116589943e+00
5.891679651322773381e+00